0	11.3607

10	11.0912

20	10.4462

30	9.68445

40	9.60738

50	9.54898

60	9.53682

70	9.40745

80	9.40493

90	9.38608

100	9.26653

110	9.23664

120	9.19261

130	9.11461

140	9.05211

150	8.99314

160	9.03891

170	8.92018

180	8.89276

190	8.83064

200	8.78376

210	8.73982

220	8.65728

230	8.68625

240	8.60337

250	8.54862

260	8.52194

270	8.4701

280	8.47921

290	8.38189

300	8.38315

310	8.31092

320	8.2502

330	8.23602

340	8.16789

350	8.11909

360	8.10767

370	8.06526

380	8.00892

390	7.95773

400	7.92208

410	7.9126

420	7.88765

430	7.80453

440	7.8047

450	7.7311

460	7.73705

470	7.62828

480	7.63625

490	7.6037

500	7.52938

510	7.5327

520	7.47079

530	7.45766

540	7.39817

550	7.37568

560	7.34666

570	7.3004

580	7.2552

590	7.20934

600	7.21236

610	7.16048

620	7.1666

630	7.09801

640	7.0452

650	7.01939

660	6.97764

670	6.93828

680	6.93174

690	6.89499

700	6.85978

710	6.85975

720	6.7999

730	6.79088

740	6.76427

750	6.7262

760	6.69992

770	6.68917

780	6.64788

790	6.60188

800	6.57232

810	6.56217

820	6.51252

830	6.51204

840	6.46741

850	6.4387

860	6.40529

870	6.38303

880	6.37489

890	6.33071

900	6.2712

910	6.26857

920	6.25269

930	6.2394

940	6.18018

950	6.1744

960	6.13755

970	6.10762

980	6.07217

990	6.06898

1000	6.06597

1010	6.02597

1020	5.99504

1030	6.02248

1040	5.94383

1050	5.91004

1060	5.91658

1070	5.86559

1080	5.88778

1090	5.84149

1100	5.8256

1110	5.79956

1120	5.7658

1130	5.79177

1140	5.75118

1150	5.71142

1160	5.69821

1170	5.66614

1180	5.63198

1190	5.63345

1200	5.58932

1210	5.55969

1220	5.54116

1230	5.52535

1240	5.54761

1250	5.51041

1260	5.48928

1270	5.4687

1280	5.45092

1290	5.41389

1300	5.42612

1310	5.37765

1320	5.35033

1330	5.33876

1340	5.32455

1350	5.33039

1360	5.30077

1370	5.27161

1380	5.24727

1390	5.24638

1400	5.22108

1410	5.21613

1420	5.1635

1430	5.15855

1440	5.1505

1450	5.14494

1460	5.12201

1470	5.09462

1480	5.07214

1490	5.04984

1500	5.0566

1510	5.04809

1520	5.05873

1530	4.99494

1540	4.97969

1550	4.99204

1560	4.95501

1570	4.93908

1580	4.90827

1590	4.9117

1600	4.90894

1610	4.88511

1620	4.85712

1630	4.8501

1640	4.82328

1650	4.82181

1660	4.80025

1670	4.7889

1680	4.79188

1690	4.77957

1700	4.73862

1710	4.75025

1720	4.71465

1730	4.69181

1740	4.709

1750	4.71575

1760	4.64955

1770	4.67319

1780	4.64741

1790	4.64278

1800	4.62711

1810	4.58587

1820	4.5721

1830	4.58832

1840	4.57456

1850	4.5664

1860	4.52131

1870	4.54267

1880	4.51849

1890	4.47962

1900	4.48497

1910	4.48009

1920	4.46575

1930	4.474

1940	4.46118

1950	4.42777

1960	4.41229

1970	4.41271

1980	4.41231

1990	4.37647

2000	4.36184

2010	4.40034

2020	4.33998

2030	4.34051

2040	4.34776

2050	4.31419

2060	4.32332

2070	4.29327

2080	4.29852

2090	4.30606

2100	4.26707

2110	4.2598

2120	4.25983

2130	4.22753

2140	4.21649

2150	4.2237

2160	4.20844

2170	4.19341

2180	4.21624

2190	4.18301

2200	4.18706

2210	4.14911

2220	4.15089

2230	4.13765

2240	4.13449

2250	4.14512

2260	4.1354

2270	4.13188

2280	4.11933

2290	4.09896

2300	4.06422

2310	4.07476

2320	4.06583

2330	4.05373

2340	4.0449

2350	4.02765

2360	4.00894

2370	4.02203

2380	4.01801

2390	4.00054

2400	4.03879

2410	3.98278

2420	3.99513

2430	3.98023

2440	3.97524

2450	3.96405

2460	3.95014

2470	3.94392

2480	3.91796

2490	3.91362

2500	3.91447

2510	3.93822

2520	3.91842

2530	3.91697

2540	3.88722

2550	3.89223

2560	3.87694

2570	3.87107

2580	3.87502

2590	3.86592

2600	3.85964

2610	3.85144

2620	3.82948

2630	3.82922

2640	3.82568

2650	3.81487

2660	3.81481

2670	3.82107

2680	3.8099

2690	3.78671

2700	3.7818

2710	3.77501

2720	3.78928

2730	3.78085

2740	3.75844

2750	3.75181

2760	3.74927

2770	3.74575

2780	3.74891

2790	3.74239

2800	3.71218

2810	3.70964

2820	3.72869

2830	3.7175

2840	3.70782

2850	3.70275

2860	3.68997

2870	3.69679

2880	3.67773

2890	3.67889

2900	3.6814

2910	3.6693

2920	3.65636

2930	3.67715

2940	3.66456

2950	3.63053

2960	3.64667

2970	3.6467

2980	3.66432

2990	3.62895

3000	3.62702

3010	3.63021

3020	3.61709

3030	3.60933

3040	3.60413

3050	3.58731

3060	3.60131

3070	3.58225

3080	3.5741

3090	3.57777

3100	3.59918

3110	3.56958

3120	3.56017

3130	3.57361

3140	3.57497

3150	3.55515

3160	3.55107

3170	3.54843

3180	3.52196

3190	3.53543

3200	3.53025

3210	3.5224

3220	3.52076

3230	3.50926

3240	3.52215

3250	3.517

3260	3.52563

3270	3.50104

3280	3.50828

3290	3.48327

3300	3.50658

3310	3.48327

3320	3.48381

3330	3.48601

3340	3.485

3350	3.49617

3360	3.47231

3370	3.47067

3380	3.45382

3390	3.45919

3400	3.4517

3410	3.4562

3420	3.43275

3430	3.43602

3440	3.44046

3450	3.44935

3460	3.43624

3470	3.43135

3480	3.41669

3490	3.42699

3500	3.43514

3510	3.41744

3520	3.41432

3530	3.41432

3540	3.41482

3550	3.40285

3560	3.41768

3570	3.40074

3580	3.3908

3590	3.38745

3600	3.39349

3610	3.38071

3620	3.38656

3630	3.3791

3640	3.38012

3650	3.37107

3660	3.35565

3670	3.38041

3680	3.36189

3690	3.37953

3700	3.3448

3710	3.37098

3720	3.34648

3730	3.35661

3740	3.35843

3750	3.32308

3760	3.36123

3770	3.3621

3780	3.34195

3790	3.35473

3800	3.32656

3810	3.31792

3820	3.33427

3830	3.3302

3840	3.32375

3850	3.32058

3860	3.31606

3870	3.30311

3880	3.30879

3890	3.31641

3900	3.30282

3910	3.30887

3920	3.32792

3930	3.30548

3940	3.30527

3950	3.31551

3960	3.29257

3970	3.2854

3980	3.32434

3990	3.28687

4000	3.31358

4010	3.28274

4020	3.28437

4030	3.29945

4040	3.26948

4050	3.26915

4060	3.28266

4070	3.27743

4080	3.26039

4090	3.27663

4100	3.25823

4110	3.26766

4120	3.26312

4130	3.24665

4140	3.24701

4150	3.24341

4160	3.25433

4170	3.22733

4180	3.24112

4190	3.24811

4200	3.2354

4210	3.24992

4220	3.22659

4230	3.23599

4240	3.24115

4250	3.24283

4260	3.24288

4270	3.23827

4280	3.2486

4290	3.20718

4300	3.22833

4310	3.21681

4320	3.23619

4330	3.229

4340	3.22349

4350	3.21971

4360	3.2069

4370	3.21416

4380	3.20273

4390	3.23106

4400	3.19109

4410	3.206

4420	3.20176

4430	3.19717

4440	3.2201

4450	3.18741

4460	3.18845

4470	3.18849

4480	3.19179

4490	3.20604

4500	3.18723

4510	3.20162

4520	3.17011

4530	3.18789

4540	3.17871

4550	3.19523

4560	3.18621

4570	3.18185

4580	3.16617

4590	3.17823

4600	3.1823

4610	3.15886

4620	3.16818

4630	3.15947

4640	3.17962

4650	3.16054

4660	3.17168

4670	3.17568

4680	3.15676

4690	3.15472

4700	3.17223

4710	3.15634

4720	3.15943

4730	3.16464

4740	3.16497

4750	3.14681

4760	3.16184

4770	3.1536

4780	3.14273

4790	3.15832

4800	3.15207

4810	3.1498

4820	3.15253

4830	3.15171

4840	3.14562

4850	3.14947

4860	3.14951

4870	3.14044

4880	3.14595

4890	3.14424

4900	3.15372

4910	3.12442

4920	3.14676

4930	3.1547

4940	3.13931

4950	3.1292

4960	3.13432

4970	3.13091

4980	3.12591

4990	3.12931

5000	3.12447

5010	3.11728

5020	3.13896

5030	3.12276

5040	3.12903

5050	3.12634

5060	3.11905

5070	3.12897

5080	3.12068

5090	3.11846

5100	3.1153

5110	3.13923

5120	3.12543

5130	3.11714

5140	3.13432

5150	3.13512

5160	3.10932

5170	3.1217

5180	3.11066

5190	3.11577

5200	3.11122

5210	3.109

5220	3.11128

5230	3.11679

5240	3.1182

5250	3.10086

5260	3.1104

5270	3.09517

5280	3.10023

5290	3.10847

5300	3.11874

5310	3.09474

5320	3.10987

5330	3.11562

5340	3.11931

5350	3.09535

5360	3.09606

5370	3.10113

5380	3.0922

5390	3.09356

5400	3.10844

5410	3.09931

5420	3.07509

5430	3.08521

5440	3.08159

5450	3.09545

5460	3.09556

5470	3.09786

5480	3.09178

5490	3.0872

5500	3.06521

5510	3.11881

5520	3.0989

5530	3.09809

5540	3.08698

5550	3.09445

5560	3.08772

5570	3.0841

5580	3.06669

5590	3.09938

5600	3.08524

5610	3.08888

5620	3.08025

5630	3.09091

5640	3.09102

5650	3.09471

5660	3.07415

5670	3.07374

5680	3.07734

5690	3.08991

5700	3.08969

5710	3.05569

5720	3.08032

5730	3.07149

5740	3.08781

5750	3.07763

5760	3.07108

5770	3.07015

5780	3.07029

5790	3.06832

5800	3.06555

5810	3.06276

5820	3.06203

5830	3.06545

5840	3.06485

5850	3.06393

5860	3.07315

5870	3.06983

5880	3.07535

5890	3.06279

5900	3.06502

5910	3.07604

5920	3.06389

5930	3.06413

5940	3.05397

5950	3.06216

5960	3.08309

5970	3.05411

5980	3.06844

5990	3.06474

6000	3.05674

6010	3.06759

6020	3.07557

6030	3.05366

6040	3.04499

6050	3.06439

6060	3.07112

6070	3.06559

6080	3.0669

6090	3.05943

6100	3.06336

6110	3.0698

6120	3.044

6130	3.04169

6140	3.06855

6150	3.0607

6160	3.06883

6170	3.05969

6180	3.0563

6190	3.05468

6200	3.05732

6210	3.06166

6220	3.03909

6230	3.07822

6240	3.06932

6250	3.04905

6260	3.04118

6270	3.05337

6280	3.05691

6290	3.05098

6300	3.07115

6310	3.03824

6320	3.04385

6330	3.04485

6340	3.0619

6350	3.04545

6360	3.05927

6370	3.06591

6380	3.04596

6390	3.03981

6400	3.0415

6410	3.04969

6420	3.04801

6430	3.06095

6440	3.05477

6450	3.03403

6460	3.05054

6470	3.03621

6480	3.05484

6490	3.05813

6500	3.04661

6510	3.04461

6520	3.04236

6530	3.04701

6540	3.03555

6550	3.0453

6560	3.03773

6570	3.04935

6580	3.03123

6590	3.05885

6600	3.05225

6610	3.04825

6620	3.04378

6630	3.04411

6640	3.02232

6650	3.04987

6660	3.03198

6670	3.03795

6680	3.03011

6690	3.03762

6700	3.04113

6710	3.03877

6720	3.04998

6730	3.04112

6740	3.01983

6750	3.03916

6760	3.02253

6770	3.06007

6780	3.03819

6790	3.04553

6800	3.02949

6810	3.03425

6820	3.05977

6830	3.04104

6840	3.03896

6850	3.04414

6860	3.03886

6870	3.02731

6880	3.04488

6890	3.03642

6900	3.04603

6910	3.02623

6920	3.0401

6930	3.01562

6940	3.04961

6950	3.03507

6960	3.05078

6970	3.02105

6980	3.02903

6990	3.03129

7000	3.0324

7010	3.02941

7020	3.03257

7030	3.02659

7040	3.01855

7050	3.02569

7060	3.0366

7070	3.02905

7080	3.03097

7090	3.02612

7100	3.02793

7110	3.02564

7120	3.01795

7130	3.03874

7140	3.02912

7150	3.04674

7160	3.02318

7170	3.03048

7180	3.02063

7190	3.01794

7200	3.03836

7210	3.02261

7220	3.05005

7230	3.02837

7240	3.02319

7250	3.03159

7260	3.01661

7270	3.02289

7280	3.0189

7290	3.02455

7300	3.02413

7310	3.02868

7320	3.02854

7330	3.02047

7340	3.03436

7350	3.03542

7360	3.01456

7370	3.04559

7380	3.0268

7390	3.027

7400	3.01861

7410	3.03115

7420	3.03427

7430	3.01351

7440	3.01848

7450	3.02245

7460	3.01741

7470	3.01985

7480	3.02627

7490	3.02496

7500	3.00022

7510	3.01671

7520	3.02264

7530	3.02793

7540	3.02305

7550	3.03352

7560	3.03499

7570	3.0181

7580	3.03831

7590	3.02973

7600	3.0196

7610	3.01078

7620	3.00765

7630	3.01949

7640	3.01538

7650	3.02542

7660	3.02081

7670	3.02992

7680	3.01813

7690	3.01827

7700	3.02007

7710	3.02315

7720	3.00563

7730	3.01271

7740	3.00357

7750	3.01424

7760	3.01215

7770	3.01914

7780	3.02515

7790	3.02836

7800	3.0117

7810	3.01825

7820	3.01511

7830	3.01919

7840	3.00836

7850	3.01897

7860	3.01808

7870	3.0249

7880	3.01664

7890	3.01364

7900	3.01067

7910	3.02615

7920	3.01436

7930	3.04484

7940	3.01511

7950	3.01815

7960	3.00837

7970	3.01613

7980	3.0305

7990	3.03128

8000	3.01087

8010	3.0364

8020	3.02279

8030	3.01001

8040	3.00974

8050	3.01102

8060	3.02267

8070	3.02045

8080	3.02461

8090	3.00518

8100	3.01865

8110	3.00171

8120	3.00955

8130	3.00733

8140	3.00019

8150	3.00534

8160	3.01517

8170	3.01561

8180	3.00661

8190	3.00737

8200	3.02493

8210	3.01491

8220	3.00922

8230	3.00176

8240	3.00954

8250	3.01826

8260	3.02838

8270	3.01656

8280	3.02419

8290	3.02828

8300	3.02591

8310	3.00791

8320	3.02403

8330	3.00469

8340	3.01929

8350	3.01521

8360	3.0115

8370	3.02422

8380	3.0155

8390	3.01304

8400	3.01656

8410	3.01836

8420	2.99564

8430	3.00691

8440	3.00626

8450	3.01608

8460	3.00603

8470	3.01023

8480	3.01243

8490	3.01011

8500	3.01334

8510	3.00624

8520	3.01108

8530	3.01191

8540	3.01564

8550	3.00889

8560	3.00771

8570	2.99439

8580	3.01295

8590	3.02714

8600	3.01277

8610	3.02097

8620	3.00738

8630	3.00712

8640	3.01012

8650	3.02759

8660	3.01372

8670	3.01582

8680	3.0113

8690	3.01869

8700	3.01074

8710	3.01804

8720	3.0101

8730	3.01617

8740	3.0167

8750	3.01673

8760	3.01683

8770	3.01522

8780	3.01117

8790	3.01044

8800	3.01309

8810	3.0178

8820	3.01338

8830	3.0185

8840	3.01444

8850	2.9927

8860	3.00881

8870	3.01642

8880	3.00901

8890	3.01616

8900	2.99037

8910	3.00036

8920	3.00998

8930	3.01164

8940	3.01372

8950	2.99977

8960	2.99455

8970	3.00845

8980	3.02143

8990	3.02769

9000	3.00358

9010	3.01634

9020	2.99428

9030	3.02622

9040	3.00524

9050	3.00538

9060	3.01911

9070	3.00556

9080	3.00257

9090	2.9904

9100	3.0258

9110	3.00886

9120	3.00414

9130	3.0072

9140	3.01033

9150	2.99604

9160	3.0068

9170	3.02495

9180	3.01803

9190	3.00701

9200	3.01629

9210	3.0154

9220	3.01428

9230	3.00402

9240	2.99893

9250	2.99702

9260	3.01717

9270	3.02171

9280	3.00779

9290	3.0027

9300	3.00358

9310	2.99177

9320	3.00785

9330	3.01442

9340	3.00989

9350	2.99697

9360	3.00931

9370	3.02014

9380	3.00762

9390	3.00268

9400	3.00546

9410	3.01059

9420	3.01604

9430	2.99851

9440	3.00452

9450	2.99663

9460	3.01524

9470	2.99486

9480	3.00772

9490	3.0134

9500	3.00868

9510	3.00866

9520	3.00447

9530	3.02546

9540	3.00908

9550	3.00556

9560	3.02517

9570	3.00905

9580	3.01491

9590	3.00077

9600	3.02263

9610	3.01486

9620	3.00317

9630	3.00786

9640	3.00474

9650	3.00309

9660	2.99788

9670	3.00641

9680	3.01123

9690	2.99199

9700	3.01112

9710	3.01224

9720	3.00047

9730	2.99835

9740	3.00763

9750	3.00577

9760	3.01597

9770	2.99786

9780	3.00163

9790	3.0253

9800	3.00601

9810	3.00105

9820	3.00518

9830	3.01401

9840	3.00518

9850	3.00384

9860	3.00098

9870	2.99585

9880	3.01344

9890	2.99881

9900	3.00007

9910	3.00333

9920	3.00172

9930	3.0248

9940	3.00675

9950	3.01143

9960	2.99998

9970	3.01107

9980	3.0303

9990	3.00783

10000	3.00533

10010	2.99695

10020	2.99004

10030	2.98609

10040	2.9888

10050	3.00227

10060	3.01433

10070	3.00007

10080	3.01333

10090	2.99677

10100	3.01314

10110	3.00242

10120	3.00224

10130	3.0005

10140	3.00677

10150	2.99334

10160	3.01225

10170	3.01436

10180	3.00226

10190	2.99517

10200	2.99759

10210	2.99157

10220	2.99871

10230	2.99786

10240	3.00406

10250	3.00185

10260	2.99515

10270	2.99775

10280	2.99701

10290	2.99676

10300	3.00505

10310	2.99521

10320	3.00423

10330	3.00273

10340	3.00245

10350	2.99363

10360	3.00425

10370	3.0068

10380	3.00322

10390	2.99633

10400	3.00793

10410	2.99905

10420	2.99724

10430	3.00433

10440	3.02142

10450	3.00041

10460	3.01352

10470	3.0206

10480	3.00397

10490	2.99746

10500	2.99733

10510	2.99387

10520	3.01231

10530	3.01068

10540	3.01257

10550	3.00636

10560	3.01041

10570	3.00367

10580	3.00663

10590	3.01882

10600	2.97824

10610	3.01579

10620	3.00267

10630	3.00308

10640	3.00876

10650	2.98355

10660	3.00745

10670	3.00174

10680	3.01346

10690	3.01011

10700	3.00275

10710	3.00244

10720	3.00582

10730	3.00412

10740	2.99001

10750	3.00813

10760	2.99557

10770	3.00554

10780	3.00023

10790	3.00371

10800	2.99735

10810	3.01281

10820	2.99901

10830	3.00484

10840	3.01343

10850	3.00153

10860	3.00515

10870	3.01451

10880	3.01474

10890	3.00839

10900	2.99884

10910	3.0092

10920	3.00804

10930	3.00621

10940	3.00616

10950	3.02029

10960	3.00306

10970	3.01814

10980	3.00206

10990	3.00378

11000	2.99886

11010	3.00644

11020	2.98721

11030	3.01075

11040	3.00939

11050	3.00381

11060	3.00674

11070	2.99934

11080	2.99715

11090	3.00146

11100	2.99424

11110	2.99316

11120	3.00011

11130	3.0079

11140	3.01064

11150	2.9988

11160	2.99483

11170	2.99421

11180	3.00704

11190	3.00768

11200	2.99879

11210	3.00696

11220	3.00309

11230	3.00457

11240	3.0107

11250	3.00055

11260	2.99952

11270	2.99955

11280	3.01167

11290	3.00357

11300	3.00722

11310	3.00087

11320	2.98659

11330	3.00819

11340	3.00548

11350	3.00851

11360	2.99466

11370	2.98979

11380	2.99651

11390	3.01474

11400	3.0008

11410	3.00077

11420	3.00747

11430	3.00548

11440	2.99402

11450	3.00223

11460	3.01817

11470	2.99269

11480	3.00012

11490	3.01114

11500	3.00278

11510	3.00267

11520	3.01768

11530	3.00191

11540	2.99793

11550	2.99842

11560	3.00422

11570	3.00064

11580	2.99575

11590	2.99788

11600	2.99813

11610	2.9895

11620	2.99642

11630	2.99175

11640	2.99973

11650	3.00775

11660	3.00219

11670	3.00829

11680	3.00256

11690	2.99223

11700	3.01303

11710	3.00408

11720	3.00855

11730	2.99876

11740	3.00276

11750	2.98488

11760	2.99297

11770	2.9952

11780	3.00685

11790	3.00008

11800	3.01487

11810	2.99952

11820	3.01283

11830	2.99618

11840	3.02332

11850	3.00045

11860	2.99596

11870	2.99471

11880	3.00279

11890	2.98572

11900	2.99138

11910	2.99103

11920	3.00363

11930	3.00708

11940	2.99576

11950	2.9903

11960	3.00744

11970	2.99896

11980	3.01382

11990	3.00325

12000	3.00182

12010	3.0104

12020	3.00723

12030	3.0025

12040	2.99463

12050	3.00202

12060	2.98633

12070	2.99571

12080	3.00871

12090	3.00694

12100	3.00589

12110	3.00472

12120	3.00608

12130	3.00171

12140	3.00284

12150	2.99786

12160	2.99851

12170	2.99764

12180	2.995

12190	3.00477

12200	3.01379

12210	3.00533

12220	2.98831

12230	2.99781

12240	3.00716

12250	3.00696

12260	3.00223

12270	3.00611

12280	3.01485

12290	3.00836

12300	3.0123

12310	3.0003

12320	3.01058

12330	2.99035

12340	2.99968

12350	3.00667

12360	2.99518

12370	3.00953

12380	3.02127

12390	3.01601

12400	3.00372

12410	3.00121

12420	2.99989

12430	3.00362

12440	2.9841

12450	3.00505

12460	3.01078

12470	2.99361

12480	2.99967

12490	3.00035

12500	3.02106

12510	2.99953

12520	2.99555

12530	2.99324

12540	3.02221

12550	3.00798

12560	2.99743

12570	3.00658

12580	3.01501

12590	2.99758

12600	3.0043

12610	3.00695

12620	3.00955

12630	3.01145

12640	2.99702

12650	3.01401

12660	2.99899

12670	2.99809

12680	3.00654

12690	2.99821

12700	3.00681

12710	3.01765

12720	2.99185

12730	3.00002

12740	3.00576

12750	3.00672

12760	2.99004

12770	2.99186

12780	3.02965

12790	3.01101

12800	3.0149

12810	3.00178

12820	2.99856

12830	2.99106

12840	3.00347

12850	2.99418

12860	2.99234

12870	3.00516

12880	3.00692

12890	3.00872

12900	3.02107

12910	3.00496

12920	3.01692

12930	3.00261

12940	3.00591

12950	3.00288

12960	3.00223

12970	3.00655

12980	3.0034

12990	2.99771

13000	2.9945

13010	3.01624

13020	2.98467

13030	3.00259

13040	3.01125

13050	2.99518

13060	2.99838

13070	3.00995

13080	2.99838

13090	3.00695

13100	2.99965

13110	2.98886

13120	3.01238

13130	2.99603

13140	3.00608

13150	3.00781

13160	3.00154

13170	3.02354

13180	3.00737

13190	3.00389

13200	2.9877

13210	3.00556

13220	3.00217

13230	3.0011

13240	3.00568

13250	3.01561

13260	3.00972

13270	3.00136

13280	3.00117

13290	3.0068

13300	2.9894

13310	3.0118

13320	3.0032

13330	3.00361

13340	3.00914

13350	3.00644

13360	3.01009

13370	3.00399

13380	3.00592

13390	3.01494

13400	3.00548

13410	2.99961

13420	3.01326

13430	3.01372

13440	3.00081

13450	3.01149

13460	3.01356

13470	3.0252

13480	3.00308

13490	3.00588

13500	2.99128

13510	3.00698

13520	3.00069

13530	3.00919

13540	2.9931

13550	2.99753

13560	3.00985

13570	2.99757

13580	3.00388

13590	3.00747

13600	2.9934

13610	3.0071

13620	3.00652

13630	3.00448

13640	2.99392

13650	3.00557

13660	3.0037

13670	3.00225

13680	2.9996

13690	3.00589

13700	3.01488

13710	2.99786

13720	3.00313

13730	3.00752

13740	3.01034

13750	2.99496

13760	3.01282

13770	3.00974

13780	2.9977

13790	3.01006

13800	2.99665

13810	2.99643

13820	3.00778

13830	2.99171

13840	3.00814

13850	3.01078

13860	2.99396

13870	2.99719

13880	2.99789

13890	3.0005

13900	2.99261

13910	3.01032

13920	2.99403

13930	3.01399

13940	3.00186

13950	2.99868

13960	2.9904

13970	3.00482

13980	2.99821

13990	2.9987

14000	3.01505

14010	2.99821

14020	2.99615

14030	2.99918

14040	2.98973

14050	3.00145

14060	2.99413

14070	3.00048

14080	2.99977

14090	2.999

14100	3.00486

14110	2.98953

14120	3.0033

14130	3.01424

14140	2.99722

14150	3.00824

14160	3.00307

14170	2.99081

14180	3.00359

14190	3.00706

14200	3.00058

14210	2.99781

14220	2.99798

14230	3.00019

14240	3.00353

14250	3.00104

14260	2.99697

14270	3.00425

14280	3.01395

14290	3.00261

14300	3.00155

14310	2.99359

14320	3.00569

14330	3.00559

14340	2.99849

14350	3.00313

14360	3.00371

14370	3.00532

14380	3.00535

14390	2.99936

14400	3.00221

14410	3.01999

14420	3.01108

14430	2.99946

14440	2.99783

14450	3.00816

14460	3.00143

14470	2.98861

14480	2.98665

14490	3.0078

14500	3.01157

14510	2.99733

14520	3.00765

14530	2.99283

14540	3.00679

14550	3.00017

14560	2.99651

14570	2.99688

14580	2.9952

14590	2.99912

14600	3.01386

14610	2.99765

14620	3.01315

14630	3.01549

14640	3.00347

14650	3.02147

14660	3.00641

14670	3.01448

14680	3.00029

14690	2.99719

14700	3.01109

14710	3.01217

14720	3.01682

14730	2.99934

14740	3.01134

14750	3.00374

14760	3.00182

14770	3.00931

14780	3.00075

14790	2.99877

14800	2.99882

14810	3.00149

14820	2.99173

14830	3.00118

14840	2.98894

14850	2.98504

14860	3.00117

14870	3.00355

14880	2.99314

14890	3.00126

14900	3.00364

14910	3.0022

14920	3.0032

14930	2.99833

14940	2.99973

14950	2.9924

14960	3.01169

14970	3.01246

14980	2.99591

14990	2.98973

15000	3.01018

15010	3.0019

15020	3.00235

15030	3.00829

15040	3.00726

15050	3.00576

15060	2.98991

15070	3.00721

15080	2.98648

15090	2.99318

15100	3.00573

15110	2.98718

15120	3.01276

15130	3.00091

15140	2.99699

15150	3.00418

15160	3.00188

15170	2.99885

15180	3.0025

15190	2.99379

15200	3.00184

15210	3.00943

15220	3.00688

15230	3.00294

15240	3.00513

15250	2.99438

15260	3.0004

15270	2.99839

15280	3.00226

15290	3.01008

15300	2.99798

15310	2.99539

15320	3.00338

15330	2.99558

15340	3.00085

15350	3.0138

15360	3.00874

15370	2.99452

15380	3.00457

15390	3.00272

15400	3.00856

15410	3.00101

15420	2.99825

15430	2.99392

15440	3.0098

15450	2.99522

15460	2.99676

15470	3.00589

15480	3.00163

15490	2.99938

15500	2.99999

15510	2.99287

15520	3.00725

15530	3.00918

15540	2.99986

15550	2.99694

15560	3.01157

15570	3.0076

15580	3.00358

15590	2.98835

15600	2.99217

15610	3.01226

15620	2.9873

15630	3.0018

15640	2.99404

15650	3.02188

15660	3.0065

15670	3.00217

15680	3.00989

15690	2.99639

15700	3.01006

15710	2.99013

15720	2.99425

15730	2.99871

15740	2.99886

15750	3.00335

15760	2.99088

15770	3.00891

15780	3.00663

15790	2.99788

15800	2.98631

15810	3.00625

15820	3.00611

15830	3.00085

15840	3.01059

15850	3.00645

15860	3.00035

15870	3.00948

15880	3.00665

15890	2.99319

15900	2.98804

15910	3.00339

15920	3.01503

15930	3.0035

15940	2.99074

15950	3.0024

15960	3.00084

15970	2.99973

15980	3.00663

15990	3.00982

16000	3.00326

16010	3.02077

16020	2.99643

16030	3.00016

16040	2.98984

16050	3.00968

16060	2.99734

16070	3.01311

16080	2.99691

16090	3.01094

16100	3.00056

16110	3.00059

16120	2.99812

16130	3.00309

16140	2.99622

16150	2.99833

16160	3.00252

16170	3.00818

16180	2.99712

16190	3.00829

16200	3.00291

16210	3.00207

16220	3.00373

16230	3.00547

16240	3.00831

16250	2.99613

16260	2.9899

16270	3.01673

16280	2.97961

16290	2.99587

16300	3.00684

16310	3.01565

16320	3.00595

16330	3.01254

16340	3.00307

16350	2.99726

16360	2.99346

16370	3.00476

16380	3.01344

16390	3.00229

16400	3.0095

16410	3.00793

16420	3.01086

16430	3.01663

16440	2.99763

16450	2.99516

16460	2.99202

16470	3.00784

16480	2.99806

16490	3.00793

16500	2.98332

16510	2.99561

16520	3.00025

16530	2.99518

16540	3.00062

16550	3.00621

16560	3.00222

16570	2.99871

16580	3.00117

16590	2.99928

16600	2.98831

16610	3.01604

16620	3.01636

16630	2.99126

16640	3.01703

16650	2.99646

16660	3.0

16670	2.99729

16680	2.99891

16690	3.00196

16700	3.00402

16710	2.99604

16720	2.99461

16730	2.99587

16740	3.00277

16750	2.99959

16760	3.001

16770	3.00535

16780	2.99045

16790	2.99072

16800	2.99078

16810	3.00189

16820	3.00135

16830	3.0068

16840	3.00983

16850	2.99446

16860	2.99996

16870	2.99939

16880	2.99815

16890	3.0068

16900	3.00587

16910	3.0143

16920	3.00219

16930	2.99575

16940	2.99843

16950	3.00711

16960	2.99434

16970	3.01008

16980	2.99519

16990	3.01037

17000	2.99139

17010	3.00486

17020	2.99485

17030	3.01142

17040	3.00882

17050	3.00991

17060	3.0071

17070	3.01156

17080	3.00194

17090	3.00481

17100	2.98786

17110	3.00219

17120	3.00746

17130	3.01141

17140	2.99857

17150	2.98952

17160	2.99866

17170	3.00707

17180	2.99313

17190	2.99255

17200	2.99875

17210	2.99176

17220	2.99775

17230	2.99919

17240	2.99688

17250	3.0112

17260	2.98892

17270	3.0111

17280	2.99583

17290	2.9906

17300	2.99685

17310	2.998

17320	3.00236

17330	2.99574

17340	3.00299

17350	3.00453

17360	3.01188

17370	3.00219

17380	3.00074

17390	2.99542

17400	2.99708

17410	3.00661

17420	2.9934

17430	3.00886

17440	3.00782

17450	3.00484

17460	2.99861

17470	3.00681

17480	3.00538

17490	3.00395

17500	2.99221

17510	2.99504

17520	2.99661

17530	2.99681

17540	3.00184

17550	2.99833

17560	2.99938

17570	2.99955

17580	3.00324

17590	3.00825

17600	2.99642

17610	2.99584

17620	3.0063

17630	3.00312

17640	3.01071

17650	2.99615

17660	3.00197

17670	2.99302

17680	2.99475

17690	2.99449

17700	2.99464

17710	2.99038

17720	3.00751

17730	2.99775

17740	3.00626

17750	2.98836

17760	3.0013

17770	2.99904

17780	2.99999

17790	2.99641

17800	3.0013

17810	3.00257

17820	2.99028

17830	2.9921

17840	3.00606

17850	3.01282

17860	2.99058

17870	3.00299

17880	3.00443

17890	2.99701

17900	2.99192

17910	2.99827

17920	3.00025

17930	3.00265

17940	3.00795

17950	3.0095

17960	2.99613

17970	3.00584

17980	2.99462

17990	2.99802

18000	3.02074

18010	2.99855

18020	3.00809

18030	3.01231

18040	2.99006

18050	3.01407

18060	3.00374

18070	3.00126

18080	3.00709

18090	2.99647

18100	2.99211

18110	2.9962

18120	3.00391

18130	3.00112

18140	3.00546

18150	3.00371

18160	3.00392

18170	3.0171

18180	3.00244

18190	3.00234

18200	2.99468

18210	3.01281

18220	3.01099

18230	2.99259

18240	3.01445

18250	2.99794

18260	2.99801

18270	2.99797

18280	3.00999

18290	3.00473

18300	2.9911

18310	2.99379

18320	3.00195

18330	2.99909

18340	3.00282

18350	3.01108

18360	3.00197

18370	3.00311

18380	2.99875

18390	3.01576

18400	3.00176

18410	2.99401

18420	3.01125

18430	2.99068

18440	3.00148

18450	2.9909

18460	3.00308

18470	3.00287

18480	3.00448

18490	2.99669

18500	2.99428

18510	3.00521

18520	2.99769

18530	3.00523

18540	3.01044

18550	3.00009

18560	3.00524

18570	2.99423

18580	2.99685

18590	3.01421

18600	3.00247

18610	2.99773

18620	3.00075

18630	2.99035

18640	3.01007

18650	2.99654

18660	3.00577

18670	2.99334

18680	2.99612

18690	2.99875

18700	2.99881

18710	2.99995

18720	2.99778

18730	2.99362

18740	3.00749

18750	2.99284

18760	2.99417

18770	2.99876

18780	2.99799

18790	2.9933

18800	3.01507

18810	3.00933

18820	3.00089

18830	3.01853

18840	3.00417

18850	3.00214

18860	2.99354

18870	3.01303

18880	2.98734

18890	3.00425

18900	2.99813

18910	3.012

18920	2.99782

18930	2.98415

18940	2.99951

18950	3.00053

18960	3.00077

18970	3.00438

18980	3.01072

18990	2.99659

19000	3.0223

19010	2.99972

19020	3.00034

19030	3.00425

19040	3.00668

19050	2.99071

19060	2.99342

19070	2.98654

19080	2.99986

19090	3.01943

19100	3.00235

19110	2.98593

19120	3.00328

19130	3.00233

19140	3.0012

19150	3.0086

19160	2.99072

19170	2.9999

19180	2.99825

19190	2.99741

19200	2.99907

19210	3.00843

19220	2.99193

19230	2.99516

19240	2.99435

19250	2.99626

19260	3.00895

19270	3.00168

19280	3.00246

19290	3.00272

19300	2.99752

19310	3.01456

19320	2.99953

19330	3.00076

19340	3.01557

19350	3.00222

19360	3.00102

19370	3.01292

19380	3.01318

19390	2.99849

19400	2.9963

19410	3.00146

19420	2.99617

19430	2.99924

19440	3.00155

19450	2.99477

19460	3.00504

19470	2.99998

19480	2.99588

19490	2.99709

19500	2.99301

19510	2.99277

19520	3.00614

19530	2.99896

19540	3.00019

19550	3.00806

19560	2.9913

19570	3.00421

19580	3.00132

19590	2.99992

19600	3.00526

19610	3.00424

19620	3.01041

19630	2.9886

19640	3.00809

19650	3.00431

19660	2.99799

19670	2.99848

19680	3.00362

19690	3.00113

19700	2.99522

19710	3.00616

19720	3.00906

19730	2.99361

19740	3.0069

19750	2.99847

19760	3.00467

19770	2.99669

19780	2.99723

19790	2.99357

19800	2.99672

19810	3.0076

19820	2.99165

19830	2.99958

19840	3.00081

19850	3.00895

19860	3.01473

19870	2.99753

19880	3.01651

19890	3.00426

19900	3.001

19910	2.99746

19920	2.99687

19930	3.00506

19940	2.99978

19950	3.01663

19960	2.99974

19970	2.99557

19980	2.99742

19990	3.00631

20000	2.9957

20010	2.99604

20020	3.00966

20030	2.99668

20040	3.01052

20050	2.9936

20060	3.0123

20070	2.99685

20080	3.01169

20090	3.00347

20100	2.99612

20110	3.00008

20120	2.99348

20130	3.00216

20140	3.00076

20150	3.00426

20160	2.99988

20170	2.99694

20180	2.99454

20190	3.0019

20200	3.00651

20210	2.99459

20220	2.98922

20230	2.99941

20240	2.99908

20250	2.999

20260	2.99041

20270	3.00769

20280	2.99148

20290	2.99993

20300	3.00412

20310	3.01142

20320	2.99314

20330	2.98879

20340	3.01111

20350	3.00298

20360	2.99483

20370	3.00953

20380	3.0

20390	2.9886

20400	3.01032

20410	3.00099

20420	2.99683

20430	2.99923

20440	2.99751

20450	2.99912

20460	3.00289

20470	2.99524

20480	3.013

20490	2.99782

20500	2.99811

20510	2.99266

20520	3.01027

20530	3.00143

20540	2.99338

20550	2.99589

20560	3.00297

20570	3.0026

20580	3.00495

20590	2.98867

20600	2.99788

20610	2.98958

20620	3.00922

20630	3.0106

20640	3.00031

20650	3.0059

20660	2.99503

20670	3.00045

20680	2.99991

20690	2.99207

20700	2.9912

20710	3.00098

20720	2.99745

20730	3.0033

20740	2.99561

20750	2.99457

20760	3.00681

20770	2.99579

20780	2.99828

20790	3.00332

20800	2.99584

20810	3.00428

20820	3.00646

20830	3.00575

20840	3.00364

20850	2.99445

20860	3.00482

20870	2.99287

20880	2.99689

20890	3.00602

20900	2.98608

20910	2.99513

20920	2.99461

20930	2.99651

20940	2.99879

20950	3.00355

20960	3.00077

20970	3.00143

20980	3.01446

20990	3.00456

21000	3.0012

21010	3.00185

21020	3.00666

21030	2.99441

21040	3.00383

21050	2.99399

21060	2.99274

21070	3.00665

21080	2.99399

21090	2.99601

21100	2.98955

21110	3.00137

21120	3.00561

21130	2.99851

21140	3.01093

21150	2.9953

21160	3.0052

21170	2.99819

21180	3.01739

21190	2.99051

21200	3.00839

21210	2.99804

21220	2.99806

21230	2.99505

21240	3.00371

21250	3.00247

21260	3.01501

21270	2.99911

21280	3.00526

21290	3.00743

21300	2.99731

21310	2.99865

21320	2.99371

21330	3.00606

21340	2.99862

21350	3.00397

21360	3.00215

21370	2.9957

21380	2.99611

21390	3.00753

21400	3.00681

21410	2.99307

21420	3.01769

21430	3.01401

21440	3.00082

21450	2.99885

21460	2.99794

21470	2.9989

21480	3.00409

21490	3.00174

21500	3.00342

21510	2.98884

21520	2.99405

21530	3.00273

21540	3.00455

21550	2.98472

21560	3.00256

21570	2.99826

21580	3.00007

21590	2.99478

21600	3.0049

21610	3.00108

21620	3.00685

21630	3.00128

21640	2.99796

21650	2.98706

21660	2.99571

21670	2.99481

21680	3.00646

21690	3.00301

21700	2.99504

21710	2.99115

21720	2.99139

21730	2.99718

21740	3.00346

21750	3.01372

21760	3.00152

21770	3.00995

21780	3.00798

21790	3.01066

21800	2.98867

21810	3.00788

21820	3.00142

21830	3.00568

21840	2.99575

21850	2.9865

21860	3.00491

21870	2.98594

21880	3.00546

21890	3.00536

21900	3.00522

21910	2.98702

21920	2.99468

21930	2.99069

21940	3.0142

21950	2.99609

21960	3.00081

21970	2.98011

21980	3.00147

21990	2.98901

22000	2.99696

22010	2.99626

22020	2.9993

22030	2.99346

22040	2.99889

22050	3.00243

22060	3.00336

22070	2.98712

22080	2.99876

22090	2.99737

22100	2.98817

22110	2.99595

22120	2.99235

22130	2.99202

22140	2.9996

22150	3.00471

22160	3.00321

22170	3.00232

22180	3.01162

22190	3.00966

22200	2.98894

22210	3.00333

22220	3.00094

22230	3.00848

22240	3.00855

22250	3.00499

22260	3.01417

22270	2.99744

22280	3.00058

22290	3.00183

22300	2.98315

22310	2.99718

22320	3.00134

22330	3.00405

22340	3.01099

22350	2.99182

22360	2.99093

22370	3.00041

22380	3.00303

22390	3.0089

22400	2.99845

22410	2.99828

22420	3.00403

22430	3.01193

22440	2.99895

22450	3.00423

22460	3.00441

22470	2.98628

22480	3.01498

22490	2.98689

22500	2.99828

22510	3.00153

22520	3.01025

22530	2.99709

22540	2.99415

22550	3.00389

22560	2.99589

22570	3.01534

22580	3.00486

22590	3.00031

22600	2.99891

22610	3.00734

22620	3.00135

22630	3.0036

22640	2.99341

22650	3.00565

22660	2.9979

22670	3.00473

22680	3.00721

22690	3.00278

22700	3.00211

22710	3.0039

22720	3.00856

22730	3.0104

22740	2.99621

22750	3.00199

22760	3.00212

22770	3.00606

22780	3.00276

22790	2.9914

22800	2.99983

22810	3.00825

22820	2.99831

22830	2.99787

22840	3.00105

22850	3.00012

22860	2.99543

22870	2.99235

22880	3.00537

22890	2.99699

22900	2.9962

22910	3.00791

22920	3.00286

22930	3.0089

22940	3.00444

22950	3.00164

22960	2.99945

22970	2.99906

22980	3.00532

22990	3.0061

23000	3.01852

23010	3.00134

23020	3.00237

23030	2.98966

23040	3.00433

23050	3.00357

23060	2.99482

23070	2.99644

23080	2.9909

23090	3.00302

23100	2.98847

23110	2.99162

23120	2.99389

23130	3.00935

23140	3.00568

23150	3.00032

23160	3.0058

23170	3.02182

23180	2.99621

23190	3.00198

23200	3.00025

23210	2.9945

23220	3.00245

23230	2.99689

23240	3.00635

23250	2.99703

23260	3.01239

23270	2.99607

23280	3.00662

23290	2.99637

23300	3.01081

23310	3.00049

23320	2.99591

23330	3.00757

23340	3.01481

23350	2.98508

23360	3.01708

23370	2.99239

23380	2.99724

23390	2.99399

23400	3.00376

23410	2.99596

23420	2.98753

23430	2.99615

23440	2.99405

23450	2.99701

23460	3.00375

23470	3.00012

23480	3.00128

23490	3.00321

23500	3.01251

23510	3.00548

23520	3.00426

23530	3.00226

23540	2.99753

23550	3.00016

23560	2.99108

23570	3.00545

23580	3.0076

23590	3.00611

23600	3.00881

23610	3.007

23620	3.00103

23630	3.00115

23640	3.00605

23650	2.99041

23660	2.99382

23670	2.99137

23680	3.00971

23690	2.99315

23700	3.01164

23710	3.0036

23720	3.00522

23730	3.00475

23740	3.00005

23750	2.9948

23760	3.0102

23770	3.00227

23780	2.99551

23790	3.00531

23800	2.99828

23810	2.98454

23820	2.99392

23830	3.01117

23840	3.00326

23850	3.00557

23860	3.0066

23870	3.0016

23880	3.00244

23890	2.99348

23900	3.0016

23910	3.00234

23920	2.99712

23930	2.99864

23940	2.99166

23950	2.99836

23960	2.98662

23970	3.00509

23980	2.99147

23990	2.99234

24000	2.99803

24010	2.99264

24020	2.9976

24030	3.00844

24040	3.01728

24050	2.99626

24060	3.00346

24070	3.00384

24080	2.99873

24090	3.00195

24100	3.01491

24110	2.99593

24120	3.01135

24130	2.99765

24140	2.9883

24150	2.99997

24160	2.99261

24170	3.0044

24180	2.99596

24190	2.99718

24200	2.99993

24210	3.00645

24220	2.9894

24230	2.993

24240	3.01601

24250	2.99198

24260	3.00455

24270	3.0105

24280	2.99468

24290	2.98937

24300	3.00803

24310	3.0002

24320	2.99551

24330	3.00005

24340	2.99728

24350	3.00825

24360	2.99202

24370	2.99728

24380	3.00558

24390	2.99417

24400	2.99931

24410	3.00423

24420	2.99639

24430	3.00056

24440	3.00966

24450	2.99637

24460	2.99442

24470	3.00131

24480	2.99643

24490	2.99519

24500	3.00034

24510	3.00728

24520	3.00687

24530	2.99182

24540	2.98793

24550	2.991

24560	2.99732

24570	2.98538

24580	2.9901

24590	2.99373

24600	3.00814

24610	3.00832

24620	3.00434

24630	2.99908

24640	3.00032

24650	2.9915

24660	2.99105

24670	3.00803

24680	3.01152

24690	3.01011

24700	2.99691

24710	3.00011

24720	3.00218

24730	2.99721

24740	2.99541

24750	3.00633

24760	2.99558

24770	2.99595

24780	3.02111

24790	3.00193

24800	3.00545

24810	3.0049

24820	2.99941

24830	2.9961

24840	3.00055

24850	3.00463

24860	2.99469

24870	3.00788

24880	3.02341

24890	2.99216

24900	2.99146

24910	2.99582

24920	3.00174

24930	3.00424

24940	3.01151

24950	2.99687

24960	2.99894

24970	3.00332

24980	3.00168

24990	2.99456

25000	2.99827

25010	3.00552

25020	3.00309

25030	3.00512

25040	2.99954

25050	2.98857

25060	2.98715

25070	3.0048

25080	3.00886

25090	3.00108

25100	2.98936

25110	3.00164

25120	2.99117

25130	3.00371

25140	2.99909

25150	3.00926

25160	3.00114

25170	2.99749

25180	3.00147

25190	3.00361

25200	3.00166

25210	2.99597

25220	2.9866

25230	3.00783

25240	2.99537

25250	3.00953

25260	3.00497

25270	2.99993

25280	2.99344

25290	3.00354

25300	2.99534

25310	2.99219

25320	2.98551

25330	2.99392

25340	3.00284

25350	2.99888

25360	2.99921

25370	2.99807

25380	2.99657

25390	2.99647

25400	2.99369

25410	2.99979

25420	2.99379

25430	3.0055

25440	3.0079

25450	3.00228

25460	3.00282

25470	2.99709

25480	2.99341

25490	3.01481

25500	2.99234

25510	3.00032

25520	2.99602

25530	3.00461

25540	3.01751

25550	2.99209

25560	2.99088

25570	3.00199

25580	3.00615

25590	2.99752

25600	2.99961

25610	3.00288

25620	2.99909

25630	3.00432

25640	2.99886

25650	2.9862

25660	2.99264

25670	2.99511

25680	2.9998

25690	3.00703

25700	3.00743

25710	2.99913

25720	2.99901

25730	3.00481

25740	2.99849

25750	2.99468

25760	3.00456

25770	3.00192

25780	2.99156

25790	3.01928

25800	3.00188

25810	2.99866

25820	3.00485

25830	2.99364

25840	2.98753

25850	3.00006

25860	3.00092

25870	2.99508

25880	3.00637

25890	2.9955

25900	2.99994

25910	2.99699

25920	3.00016

25930	2.98969

25940	2.99803

25950	2.98784

25960	2.9959

25970	2.99331

25980	2.98991

25990	2.99715

26000	3.00552

26010	3.01382

26020	2.9943

26030	2.99507

26040	3.00409

26050	3.01392

26060	3.00683

26070	3.00255

26080	3.00386

26090	2.99127

26100	2.99406

26110	2.99367

26120	2.99209

26130	2.99616

26140	2.99889

26150	3.00054

26160	3.00334

26170	2.99521

26180	3.00623

26190	3.00073

26200	2.99537

26210	3.00201

26220	3.0025

26230	2.99795

26240	3.00012

26250	3.00251

26260	3.0048

26270	3.00434

26280	2.98513

26290	3.0023

26300	2.99093

26310	3.00637

26320	2.99988

26330	3.01103

26340	3.0039

26350	2.99397

26360	3.0078

26370	2.99198

26380	3.00011

26390	3.0021

26400	2.99857

26410	3.00403

26420	3.00152

26430	2.9943

26440	2.99411

26450	3.00669

26460	2.99706

26470	3.0007

26480	2.99862

26490	3.00514

26500	2.99444

26510	2.99559

26520	3.00508

26530	3.00446

26540	3.00146

26550	3.00536

26560	2.9981

26570	3.00897

26580	2.99259

26590	2.99379

26600	3.00433

26610	2.9941

26620	3.00227

26630	2.99795

26640	2.9971

26650	3.00103

26660	2.99743

26670	3.01122

26680	3.00133

26690	2.98869

26700	2.99764

26710	3.00088

26720	2.99256

26730	2.99387

26740	2.99603

26750	2.99565

26760	2.99054

26770	2.9938

26780	3.00172

26790	3.00401

26800	3.00271

26810	2.99726

26820	3.00774

26830	3.00933

26840	2.99997

26850	3.00009

26860	3.00871

26870	3.00462

26880	2.99992

26890	2.99654

26900	2.99967

26910	2.99658

26920	2.99715

26930	2.99505

26940	2.99076

26950	2.99384

26960	2.99887

26970	3.00995

26980	2.9921

26990	3.00527

27000	2.99834

27010	2.99833

27020	3.00668

27030	2.9893

27040	2.99015

27050	3.00478

27060	3.00211

27070	3.00027

27080	2.99346

27090	2.99344

27100	3.01135

27110	3.00296

27120	2.99703

27130	2.99556

27140	3.00968

27150	2.9961

27160	2.99126

27170	2.98871

27180	3.00328

27190	3.0107

27200	2.99082

27210	2.99331

27220	3.00238

27230	3.00863

27240	3.00468

27250	3.00813

27260	2.99794

27270	3.01014

27280	2.99566

27290	2.99855

27300	2.99535

27310	3.00185

27320	2.99908

27330	2.99863

27340	3.00163

27350	3.00077

27360	3.0064

27370	2.99891

27380	3.00132

27390	3.00234

27400	2.99631

27410	2.99503

27420	3.00103

27430	2.99564

27440	3.00217

27450	2.99597

27460	2.99645

27470	3.00329

27480	3.00191

27490	3.00072

27500	2.99777

27510	2.99946

27520	2.99863

27530	3.00593

27540	2.9886

27550	2.99663

27560	2.99722

27570	3.00286

27580	2.98997

27590	2.99923

27600	3.00559

27610	2.9848

27620	3.00358

27630	3.00151

27640	3.00134

27650	2.9988

27660	3.00377

27670	2.99067

27680	3.00156

27690	2.99043

27700	2.99679

27710	2.99544

27720	2.9886

27730	2.99521

27740	3.01005

27750	2.99744

27760	3.01022

27770	2.99479

27780	2.99278

27790	3.0173

27800	3.00008

27810	2.99696

27820	2.99482

27830	2.9948

27840	2.99798

27850	3.00127

27860	2.99697

27870	2.99725

27880	2.99561

27890	2.99888

27900	3.00057

27910	2.99652

27920	2.99331

27930	2.99718

27940	3.00482

27950	3.0075

27960	3.01037

27970	2.99382

27980	2.9909

27990	2.99445

28000	3.00635

28010	3.00061

28020	2.99711

28030	3.0016

28040	2.98464

28050	2.99971

28060	2.99819

28070	3.00823

28080	2.99664

28090	2.99969

28100	2.99497

28110	3.00435

28120	2.98553

28130	2.9881

28140	2.99592

28150	3.00133

28160	3.00166

28170	3.00382

28180	3.00305

28190	3.00695

28200	3.00124

28210	2.99153

28220	2.99714

28230	2.99948

28240	3.00385

28250	3.00418

28260	2.98713

28270	2.99606

28280	3.00069

28290	3.0089

28300	3.00315

28310	3.01334

28320	2.98972

28330	2.9955

28340	2.99347

28350	3.00468

28360	3.01214

28370	2.99513

28380	3.02097

28390	3.00365

28400	3.0057

28410	2.99556

28420	3.00202

28430	2.99542

28440	3.00131

28450	2.98706

28460	3.00828

28470	2.99618

28480	3.00083

28490	3.00545

28500	3.00596

28510	2.99863

28520	2.99197

28530	2.9999

28540	2.9994

28550	3.01394

28560	3.00183

28570	2.99139

28580	3.00284

28590	2.99998

28600	2.99837

28610	3.00526

28620	3.00194

28630	2.99077

28640	3.00956

28650	3.00329

28660	3.0068

28670	3.00113

28680	3.00462

28690	3.00245

28700	2.98733

28710	2.9996

28720	2.98812

28730	2.98617

28740	2.99557

28750	2.99754

28760	2.99737

28770	3.01475

28780	3.00617

28790	3.00996

28800	2.99988

28810	2.99969

28820	2.9909

28830	2.99924

28840	3.01319

28850	3.00548

28860	2.99961

28870	3.00396

28880	2.99054

28890	3.00309

28900	2.99535

28910	3.00236

28920	3.00004

28930	2.98983

28940	2.99873

28950	2.99954

28960	2.99571

28970	3.00711

28980	3.00532

28990	2.9935

29000	2.99927

29010	2.9953

29020	3.00038

29030	2.99149

29040	3.00474

29050	3.00614

29060	2.99644

29070	3.00382

29080	3.00181

29090	2.99608

29100	2.99835

29110	3.00157

29120	2.99884

29130	2.99755

29140	2.98969

29150	2.9984

29160	3.00159

29170	2.9884

29180	2.99553

29190	2.98865

29200	3.00949

29210	2.99541

29220	3.00604

29230	3.0096

29240	2.99547

29250	2.98552

29260	2.98822

29270	3.00387

29280	2.99412

29290	2.99761

29300	2.9884

29310	2.99773

29320	2.99839

29330	2.99486

29340	3.00039

29350	3.00554

29360	3.00136

29370	2.99742

29380	2.99015

29390	3.01222

29400	3.00582

29410	2.99538

29420	2.98929

29430	3.00206

29440	3.00626

29450	3.00171

29460	3.00398

29470	3.01018

29480	2.99708

29490	2.99983

29500	3.00012

29510	3.00275

29520	2.98785

29530	2.99682

29540	2.99014

29550	3.00526

29560	3.001

29570	3.01156

29580	3.0143

29590	3.01402

29600	3.0054

29610	2.99839

29620	2.99095

29630	2.99984

29640	2.99186

29650	2.99391

29660	3.00464

29670	2.99603

29680	3.00366

29690	3.01502

29700	2.98777

29710	3.01482

29720	3.00321

29730	3.0001

29740	2.99918

29750	3.00389

29760	2.99078

29770	3.00281

29780	3.00385

29790	2.99238

29800	3.00096

29810	2.99099

29820	2.99961

29830	3.00044

29840	2.9938

29850	2.99818

29860	2.9966

29870	3.00755

29880	2.99711

29890	2.98744

29900	3.01041

29910	3.0036

29920	2.99825

29930	3.00253

29940	3.00433

29950	3.0067

29960	3.00007

29970	3.0023

29980	2.99255

29990	3.00793

30000	3.00585

30010	2.98622

30020	3.00531

30030	3.00074

30040	2.99876

30050	3.00041

30060	2.99778

30070	3.00191

30080	2.9977

30090	3.01162

30100	2.99953

30110	2.997

30120	2.99382

30130	3.0025

30140	2.99959

30150	2.99323

30160	3.00413

30170	3.00064

30180	2.99753

30190	2.99727

30200	2.99662

30210	2.9956

30220	2.98779

30230	3.00531

30240	2.9878

30250	2.997

30260	3.00254

30270	2.99815

30280	2.99978

30290	3.00206

30300	2.99806

30310	3.00105

30320	3.00249

30330	3.0042

30340	3.00717

30350	2.99912

30360	2.99511

30370	2.98776

30380	2.99558

30390	2.99767

30400	2.99858

30410	3.00398

30420	3.011

30430	3.00161

30440	3.00077

30450	3.01135

30460	2.98952

30470	2.9962

30480	2.99969

30490	2.99525

30500	3.00774

30510	3.00682

30520	3.00205

30530	3.00921

30540	3.0123

30550	2.99718

30560	2.99992

30570	2.99173

30580	3.00129

30590	3.00216

30600	2.99954

30610	3.00111

30620	2.99572

30630	2.99827

30640	2.99748

30650	3.0015

30660	2.9997

30670	2.99062

30680	2.99417

30690	3.00314

30700	2.99888

30710	3.00296

30720	3.00926

30730	3.00104

30740	2.99252

30750	3.00325

30760	3.00025

30770	2.99637

30780	2.99463

30790	3.00624

30800	2.99553

30810	2.99215

30820	3.00079

30830	3.0023

30840	2.99091

30850	3.00125

30860	2.99449

30870	3.00253

30880	3.00742

30890	2.99776

30900	2.99743

30910	3.00262

30920	3.00885

30930	3.01495

30940	2.99412

30950	2.99461

30960	2.99073

30970	2.99402

30980	3.00978

30990	3.02385

31000	2.99593

31010	2.9945

31020	3.00022

31030	2.98769

31040	3.00512

31050	3.00154

31060	2.99978

31070	2.98951

31080	2.99426

31090	3.00755

31100	2.99795

31110	2.98778

31120	2.99737

31130	2.99499

31140	2.99315

31150	3.01206

31160	3.01006

31170	2.99295

31180	2.99643

31190	3.00394

31200	2.99902

31210	2.99277

31220	2.99557

31230	3.00417

31240	2.99314

31250	3.00184

31260	3.00397

31270	3.00175

31280	2.99441

31290	3.0051

31300	2.99279

31310	2.99991

31320	2.99366

31330	2.99382

31340	3.01067

31350	2.99536

31360	3.00313

31370	2.99208

31380	3.00922

31390	2.99169

31400	2.99662

31410	3.00987

31420	3.00032

31430	2.99703

31440	2.99005

31450	3.00157

31460	3.00045

31470	2.98764

31480	3.00998

31490	2.99449

31500	2.99636

31510	2.99964

31520	2.99697

31530	3.0118

31540	3.00082

31550	3.00789

31560	2.99339

31570	3.00676

31580	3.00502

31590	3.00132

31600	2.99557

31610	3.01675

31620	3.0103

31630	3.00152

31640	2.99625

31650	3.00451

31660	3.00008

31670	2.99123

31680	2.99868

31690	3.01305

31700	3.00253

31710	3.00026

31720	3.0062

31730	3.00178

31740	2.99342

31750	2.99029

31760	3.00617

31770	3.0008

31780	2.9959

31790	3.00407

31800	3.00153

31810	3.00676

31820	3.00732

31830	2.99436

31840	3.00757

31850	2.99898

31860	2.99642

31870	3.01133

31880	2.99654

31890	2.99541

31900	2.99979

31910	2.99929

31920	3.01143

31930	2.99363

31940	2.9991

31950	2.99975

31960	3.00181

31970	3.00925

31980	3.00487

31990	3.0023

32000	3.00058

32010	2.99283

32020	2.99013

32030	3.00422

32040	3.00152

32050	2.99941

32060	2.99219

32070	3.00039

32080	3.00965

32090	3.0031

32100	2.99997

32110	3.01075

32120	2.99524

32130	2.998

32140	3.00011

32150	2.99729

32160	2.99238

32170	2.99803

32180	3.00628

32190	2.9991

32200	2.99957

32210	3.00106

32220	3.00684

32230	3.00459

32240	3.00497

32250	3.00701

32260	2.99063

32270	3.01456

32280	3.0012

32290	3.00124

32300	2.99504

32310	3.00125

32320	2.99695

32330	2.99453

32340	2.99244

32350	3.01174

32360	3.00279

32370	2.99472

32380	3.00232

32390	3.0015

32400	3.00657

32410	3.00628

32420	3.0107

32430	3.00506

32440	2.99603

32450	2.99636

32460	2.99876

32470	2.99846

32480	3.00058

32490	3.00958

32500	3.00027

32510	3.00243

32520	2.99417

32530	2.99053

32540	2.9977

32550	3.00225

32560	2.99428

32570	3.01152

32580	2.99303

32590	3.00284

32600	3.00083

32610	2.99129

32620	2.99808

32630	3.00245

32640	2.9953

32650	2.98527

32660	3.01238

32670	2.9886

32680	3.00012

32690	3.01084

32700	2.99461

32710	3.00306

32720	2.99812

32730	2.99439

32740	2.99518

32750	3.01194

32760	3.0011

32770	3.00021

32780	3.00275

32790	3.00924

32800	2.99468

32810	2.9951

32820	3.0035

32830	3.01628

32840	3.00135

32850	3.00226

32860	2.99873

32870	2.99708

32880	3.009

32890	2.98701

32900	3.00569

32910	2.99779

32920	3.00072

32930	2.99715

32940	3.00491

32950	2.99569

32960	2.98881

32970	3.00099

32980	3.00656

32990	2.99518

33000	3.0023

33010	3.00361

33020	3.00493

33030	2.99567

33040	2.9993

33050	2.99534

33060	2.99409

33070	2.99765

33080	3.01034

33090	3.00532

33100	2.99919

33110	2.99727

33120	2.99839

33130	3.007

33140	2.99825

33150	2.99104

33160	3.00679

33170	3.00894

33180	2.99816

33190	2.99856

33200	3.00117

33210	3.00322

33220	2.99988

33230	3.00527

33240	3.00179

33250	2.99201

33260	3.00394

33270	2.99465

33280	2.99325

33290	3.00422

33300	2.99617

33310	3.00079

33320	3.00213

33330	3.00237

33340	2.99461

33350	2.98571

33360	3.00272

33370	3.00543

33380	2.99589

33390	2.99001

33400	2.99748

33410	3.00355

33420	2.99053

33430	3.00389

33440	3.0141

33450	2.99859

33460	3.00453

33470	3.00633

33480	2.99858

33490	2.99702

33500	3.0048

33510	3.0019

33520	2.99998

33530	2.99011

33540	2.99947

33550	2.9972

33560	2.99157

33570	2.99997

33580	3.01144

33590	2.99523

33600	3.00844

33610	2.99486

33620	2.99761

33630	3.00376

33640	3.00153

33650	2.99119

33660	2.98168

33670	2.99735

33680	3.0052

33690	2.99206

33700	3.00059

33710	3.00147

33720	2.99362

33730	2.99845

33740	2.99624

33750	3.00117

33760	3.00773

33770	3.0028

33780	3.00636

33790	2.99945

33800	2.99854

33810	2.99681

33820	3.00084

33830	2.99792

33840	2.99558

33850	3.00174

33860	2.99299

33870	2.99466

33880	3.00074

33890	2.99587

33900	2.99776

33910	2.98701

33920	3.00284

33930	3.00475

33940	2.99508

33950	3.00266

33960	2.98782

33970	3.00588

33980	3.00201

33990	2.99284

34000	3.00119

34010	2.99415

34020	2.99954

34030	3.00029

34040	3.00395

34050	2.99861

34060	2.9959

34070	3.00039

34080	3.00313

34090	2.98433

34100	2.98476

34110	3.00145

34120	3.00291

34130	2.99793

34140	2.99883

34150	2.99409

34160	2.9967

34170	2.99536

34180	2.99857

34190	3.00285

34200	2.99578

34210	3.00364

34220	3.01017

34230	3.01076

34240	3.00359

34250	2.99905

34260	3.00118

34270	2.99542

34280	3.00108

34290	2.99059

34300	2.99661

34310	3.00294

34320	2.99769

34330	2.99611

34340	3.00036

34350	2.99585

34360	3.00824

34370	3.00349

34380	3.00265

34390	2.99914

34400	3.0023

34410	2.99636

34420	3.00159

34430	2.99864

34440	2.9937

34450	3.00818

34460	2.99685

34470	2.98979

34480	3.00879

34490	2.99197

34500	2.99068

34510	3.01097

34520	2.99764

34530	2.99561

34540	3.00368

34550	3.002

34560	2.99422

34570	3.00144

34580	2.99617

34590	2.99912

34600	3.00303

34610	3.0004

34620	2.99919

34630	2.99673

34640	3.00248

34650	2.99148

34660	2.99799

34670	2.99895

34680	2.9986

34690	2.99869

34700	2.99812

34710	3.00534

34720	2.99022

34730	3.00225

34740	2.99416

34750	3.0177

34760	3.00383

34770	2.99256

34780	3.00519

34790	3.00288

34800	3.00442

34810	3.00282

34820	2.99972

34830	3.00818

34840	3.00196

34850	3.0036

34860	3.01207

34870	2.99006

34880	2.99018

34890	3.00285

34900	3.01461

34910	3.00668

34920	3.01007

34930	3.00522

34940	3.00331

34950	3.01474

34960	3.0065

34970	2.99828

34980	3.0042

34990	2.99483

35000	2.99718

35010	2.9864

35020	2.99901

35030	2.99605

35040	3.00107

35050	3.01053

35060	3.01131

35070	3.00024

35080	3.00129

35090	2.99959

35100	2.99793

35110	2.99613

35120	2.99001

35130	3.00141

35140	2.98574

35150	3.00731

35160	3.0038

35170	3.01017

35180	2.99112

35190	3.00495

35200	3.0099

35210	3.00401

35220	2.99462

35230	3.0

35240	2.99447

35250	2.99779

35260	2.99517

35270	3.00392

35280	3.00852

35290	3.00287

35300	3.00345

35310	3.0063

35320	3.00071

35330	2.98409

35340	2.997

35350	3.00564

35360	3.01517

35370	3.01746

35380	2.99877

35390	3.00029

35400	2.99767

35410	3.00182

35420	3.00418

35430	2.99111

35440	2.99503

35450	2.99822

35460	3.00119

35470	2.99634

35480	3.00527

35490	2.98691

35500	3.0

35510	2.99251

35520	3.00764

35530	3.00468

35540	3.00307

35550	2.99901

35560	3.00721

35570	2.99852

35580	3.00532

35590	2.99285

35600	2.9913

35610	3.00126

35620	3.02132

35630	3.00538

35640	2.98783

35650	3.00682

35660	2.99869

35670	2.99942

35680	3.00313

35690	2.99424

35700	2.99819

35710	3.0057

35720	3.0049

35730	2.99075

35740	3.00079

35750	3.00422

35760	3.00005

35770	2.99061

35780	3.00737

35790	3.00135

35800	3.00814

35810	2.99397

35820	2.99807

35830	3.00049

35840	2.99763

35850	2.99824

35860	3.00256

35870	2.99817

35880	2.9977

35890	3.00303

35900	2.99916

35910	2.99577

35920	3.00866

35930	3.01415

35940	3.00674

35950	3.00639

35960	3.00055

35970	3.00555

35980	2.99351

35990	2.99569

36000	3.00093

36010	2.99351

36020	2.9988

36030	2.99255

36040	2.99698

36050	2.99591

36060	2.99379

36070	2.99686

36080	2.99671

36090	3.00666

36100	3.01398

36110	2.99993

36120	3.00761

36130	2.9878

36140	2.99109

36150	2.99961

36160	3.00313

36170	3.00949

36180	2.99714

36190	3.00833

36200	2.9887

36210	2.99736

36220	2.99994

36230	3.00126

36240	2.9879

36250	3.0024

36260	2.99064

36270	2.99797

36280	3.00082

36290	2.99408

36300	2.9911

36310	3.00643

36320	2.99284

36330	2.99814

36340	2.98216

36350	2.99978

36360	2.99434

36370	3.00867

36380	3.00918

36390	3.00766

36400	3.00864

36410	3.00165

36420	2.99053

36430	2.9987

36440	3.00211

36450	2.99889

36460	2.99569

36470	2.99968

36480	2.99767

36490	3.00292

36500	2.99135

36510	3.00393

36520	3.00546

36530	3.00177

36540	2.99966

36550	2.99939

36560	3.00501

36570	2.99199

36580	3.0062

36590	3.01523

36600	2.99104

36610	3.00392

36620	3.00483

36630	3.00625

36640	2.9926

36650	3.01077

36660	3.00852

36670	2.99211

36680	2.99668

36690	2.98909

36700	3.00402

36710	3.00241

36720	3.00204

36730	3.00086

36740	3.00836

36750	2.98923

36760	2.99409

36770	2.99826

36780	2.98787

36790	2.99865

36800	2.99551

36810	2.99998

36820	2.99481

36830	2.9933

36840	2.99508

36850	2.99333

36860	2.99379

36870	3.00136

36880	2.99472

36890	3.00228

36900	3.00006

36910	3.00746

36920	3.00275

36930	2.99579

36940	3.0007

36950	3.00758

36960	3.0042

36970	2.9996

36980	3.02338

36990	2.98937

37000	2.99826

37010	2.99951

37020	2.99844

37030	3.01015

37040	3.00354

37050	3.00663

37060	2.99714

37070	2.99571

37080	3.00618

37090	2.9934

37100	3.00274

37110	3.01101

37120	3.00035

37130	3.00385

37140	2.99665

37150	2.9961

37160	3.00798

37170	3.00618

37180	2.99952

37190	2.99327

37200	3.00869

37210	2.99739

37220	3.00051

37230	2.9928

37240	3.00295

37250	2.99374

37260	2.9998

37270	2.99684

37280	2.98775

37290	2.99294

37300	3.00866

37310	2.99448

37320	3.00168

37330	2.99064

37340	2.99842

37350	2.99696

37360	2.99305

37370	2.98357

37380	3.00457

37390	3.00265

37400	2.99743

37410	2.98738

37420	3.00161

37430	2.99088

37440	3.00533

37450	3.00036

37460	2.99626

37470	2.99577

37480	3.00008

37490	3.01215

37500	3.00447

37510	2.98867

37520	2.99656

37530	3.00921

37540	2.99564

37550	3.00002

37560	2.99773

37570	2.99015

37580	2.99049

37590	2.99333

37600	3.00235

37610	2.99809

37620	2.99717

37630	2.98751

37640	3.00124

37650	2.99734

37660	2.99635

37670	3.0051

37680	2.99361

37690	2.99173

37700	2.9997

37710	2.99709

37720	3.00009

37730	2.99636

37740	2.99646

37750	2.99301

37760	3.00388

37770	2.99945

37780	3.00544

37790	2.9965

37800	3.00477

37810	3.00344

37820	2.9989

37830	2.99226

37840	2.99383

37850	3.01266

37860	2.99222

37870	2.9932

37880	2.98947

37890	2.99454

37900	3.00441

37910	2.99765

37920	2.99065

37930	2.99981

37940	2.99951

37950	2.99836

37960	2.99179

37970	2.99952

37980	2.99413

37990	2.99456

38000	2.99189

38010	2.99828

38020	3.00994

38030	3.0007

38040	3.00446

38050	2.99447

38060	2.99704

38070	2.99606

38080	3.00182

38090	2.99622

38100	2.98593

38110	3.00083

38120	3.00026

38130	3.01017

38140	2.9944

38150	3.00008

38160	2.998

38170	2.99803

38180	3.00224

38190	2.99619

38200	2.99926

38210	3.00156

38220	2.99319

38230	2.99779

38240	2.9792

38250	2.99257

38260	3.01062

38270	3.02188

38280	3.00028

38290	2.98635

38300	3.00927

38310	3.00558

38320	3.00768

38330	2.99622

38340	3.00193

38350	3.00133

38360	2.98927

38370	2.99304

38380	2.9994

38390	2.99362

38400	2.99983

38410	3.0068

38420	3.00011

38430	2.99685

38440	2.9983

38450	3.00082

38460	2.9908

38470	3.00399

38480	3.00357

38490	2.9912

38500	3.00904

38510	3.00288

38520	3.00013

38530	3.01216

38540	3.01045

38550	3.00434

38560	2.9988

38570	2.99945

38580	2.9859

38590	3.0067

38600	2.99807

38610	2.99997

38620	3.00409

38630	3.0014

38640	3.00688

38650	2.998

38660	3.00205

38670	2.99859

38680	2.99934

38690	2.98921

38700	2.99859

38710	3.00051

38720	2.99723

38730	3.00347

38740	2.99139

38750	2.99761

38760	2.99274

38770	2.99733

38780	3.00201

38790	2.99527

38800	2.99235

38810	3.01019

38820	2.99679

38830	2.99101

38840	2.99658

38850	3.00453

38860	3.00264

38870	2.99813

38880	3.00052

38890	2.99721

38900	2.99397

38910	2.99581

38920	3.00803

38930	3.00261

38940	3.01696

38950	2.9977

38960	3.00088

38970	2.98949

38980	2.99861

38990	2.99547

39000	2.99773

39010	2.99351

39020	3.00083

39030	2.99894

39040	3.00672

39050	3.00446

39060	2.99498

39070	2.99964

39080	2.98962

39090	3.00006

39100	2.98969

39110	2.99814

39120	3.0071

39130	3.00496

39140	3.00716

39150	2.99967

39160	2.99512

39170	3.00583

39180	2.99822

39190	3.00117

39200	3.00056

39210	3.00007

39220	2.99554

39230	2.99231

39240	3.00374

39250	3.00393

39260	3.01203

39270	2.99943

39280	3.00113

39290	2.99077

39300	3.00666

39310	2.99058
